 age | ejection_fraction | serum_creatinine | death_event 
-----+-------------------+------------------+-------------
  75 |                20 |              1.9 |           1
  65 |                20 |              1.3 |           1
  50 |                20 |              1.9 |           1
  65 |                20 |              2.7 |           1
  75 |                15 |              1.2 |           1
  62 |                25 |              0.9 |           1
  45 |                14 |              0.8 |           1
  70 |                25 |                1 |           1
  70 |                20 |             1.83 |           1
  51 |                25 |              0.9 |           1
  80 |                20 |              4.4 |           1
  68 |                25 |                1 |           1
  53 |                20 |              1.4 |           1
  49 |                20 |              1.1 |           1
  72 |                20 |              1.3 |           1
  45 |                25 |                1 |           1
  60 |                20 |              2.9 |           1
  42 |                15 |              1.3 |           1
  72 |                25 |                1 |           1
  70 |                25 |              1.2 |           1
  65 |                25 |             1.83 |           1
  69 |                20 |              1.2 |           1
  60 |                20 |              0.7 |           1
  60 |                25 |              2.5 |           1
  59 |                25 |                1 |           1
  60 |                25 |              1.7 |           1
  46 |                17 |              2.1 |           1
  72 |                25 |              1.7 |           1
  59 |                20 |              2.4 |           1
  59 |                25 |                1 |           1
  65 |                25 |              1.2 |           1
  58 |                25 |              1.2 |           1
  60 |                25 |              2.1 |           1
  45 |                20 |              1.6 |           1
  73 |                20 |             1.83 |           1
  55 |                25 |              1.1 |           1
  65 |                25 |              1.4 |           1
  55 |                20 |             1.83 |           1
(38 rows)

